=== COM Port Communication Summary === 
Created: Wed 03/26/2025  3:42:52.38 
 
=== SAAB Files === 
 
=== Commands === 
00 ff 41 52 45 51 55 45 53 54 20 20 20 20 00 00  | ..AREQUEST    ..
00 ff 52 44 57 41 52 45 4b 45 59 23 20 20 00 00  | ..RDWAREKEY#  ..
00 ff 41 52 45 51 55 45 53 54 20 20 20 20 00 00  | ..AREQUEST    ..
00 ff 52 44 57 41 52 45 4b 45 59 23 20 20 00 00  | ..RDWAREKEY#  ..
00 ff 41 52 45 51 55 45 53 54 20 20 20 20 00 00  | ..AREQUEST    ..
00 ff 52 44 57 41 52 45 4b 45 59 23 20 20 00 00  | ..RDWAREKEY#  ..
00 ff 41 52 45 51 55 45 53 54 20 20 20 20 00 00  | ..AREQUEST    ..
00 ff 52 44 57 41 52 45 4b 45 59 23 20 20 00 00  | ..RDWAREKEY#  ..
00 ff 41 52 45 51 55 45 53 54 20 20 20 20 00 00  | ..AREQUEST    ..
00 ff 52 44 57 41 52 45 4b 45 59 23 20 20 00 00  | ..RDWAREKEY#  ..
00 ff 41 52 45 51 55 45 53 54 20 20 20 20 00 00  | ..AREQUEST    ..
00 ff 52 44 57 41 52 45 4b 45 59 23 20 20 00 00  | ..RDWAREKEY#  ..
53 43 41 52 45 51 55 45 53 54 20 20 20 20 00 00  | SCAREQUEST    ..
48 41 52 44 57 41 52 45 4b 45 59 23 20 20 00 00  | HARDWAREKEY#  ..
00 ff 41 52 45 51 55 45 53 54 20 20 20 20 00 00  | ..AREQUEST    ..
00 ff 52 44 57 41 52 45 4b 45 59 23 20 20 00 00  | ..RDWAREKEY#  ..
00 ff 41 52 45 51 55 45 53 54 20 20 20 20 00 00  | ..AREQUEST    ..
00 ff 52 44 57 41 52 45 4b 45 59 23 20 20 00 00  | ..RDWAREKEY#  ..
00 ff 41 52 45 51 55 45 53 54 20 20 20 20 00 00  | ..AREQUEST    ..
00 ff 52 44 57 41 52 45 4b 45 59 23 20 20 00 00  | ..RDWAREKEY#  ..
00 ff 41 52 45 51 55 45 53 54 20 20 20 20 00 00  | ..AREQUEST    ..
00 ff 52 44 57 41 52 45 4b 45 59 23 20 20 00 00  | ..RDWAREKEY#  ..
00 ff 41 52 45 51 55 45 53 54 20 20 20 20 00 00  | ..AREQUEST    ..
00 ff 52 44 57 41 52 45 4b 45 59 23 20 20 00 00  | ..RDWAREKEY#  ..
00 ff 41 52 45 51 55 45 53 54 20 20 20 20 00 00  | ..AREQUEST    ..
00 ff 52 44 57 41 52 45 4b 45 59 23 20 20 00 00  | ..RDWAREKEY#  ..
53 43 41 52 45 51 55 45 53 54 20 20 20 20 00 00  | SCAREQUEST    ..
48 41 52 44 57 41 52 45 4b 45 59 23 20 20 00 00  | HARDWAREKEY#  ..
00 ff 41 52 45 51 55 45 53 54 20 20 20 20 00 00  | ..AREQUEST    ..
00 ff 52 44 57 41 52 45 4b 45 59 23 20 20 00 00  | ..RDWAREKEY#  ..
00 ff 41 52 45 51 55 45 53 54 20 20 20 20 00 00  | ..AREQUEST    ..
00 ff 52 44 57 41 52 45 4b 45 59 23 20 20 00 00  | ..RDWAREKEY#  ..
00 ff 41 52 45 51 55 45 53 54 20 20 20 20 00 00  | ..AREQUEST    ..
00 ff 52 44 57 41 52 45 4b 45 59 23 20 20 00 00  | ..RDWAREKEY#  ..
00 ff 41 52 45 51 55 45 53 54 20 20 20 20 00 00  | ..AREQUEST    ..
00 ff 52 44 57 41 52 45 4b 45 59 23 20 20 00 00  | ..RDWAREKEY#  ..
00 ff 41 52 45 51 55 45 53 54 20 20 20 20 00 00  | ..AREQUEST    ..
00 ff 52 44 57 41 52 45 4b 45 59 23 20 20 00 00  | ..RDWAREKEY#  ..
00 ff 41 52 45 51 55 45 53 54 20 20 20 20 00 00  | ..AREQUEST    ..
00 ff 52 44 57 41 52 45 4b 45 59 23 20 20 00 00  | ..RDWAREKEY#  ..
53 43 41 52 45 51 55 45 53 54 20 20 20 20 00 00  | SCAREQUEST    ..
48 41 52 44 57 41 52 45 4b 45 59 23 20 20 00 00  | HARDWAREKEY#  ..
00 ff 41 52 45 51 55 45 53 54 20 20 20 20 00 00  | ..AREQUEST    ..
00 ff 52 44 57 41 52 45 4b 45 59 23 20 20 00 00  | ..RDWAREKEY#  ..
00 ff 41 52 45 51 55 45 53 54 20 20 20 20 00 00  | ..AREQUEST    ..
00 ff 52 44 57 41 52 45 4b 45 59 23 20 20 00 00  | ..RDWAREKEY#  ..
00 ff 41 52 45 51 55 45 53 54 20 20 20 20 00 00  | ..AREQUEST    ..
00 ff 52 44 57 41 52 45 4b 45 59 23 20 20 00 00  | ..RDWAREKEY#  ..
00 ff 41 52 45 51 55 45 53 54 20 20 20 20 00 00  | ..AREQUEST    ..
00 ff 52 44 57 41 52 45 4b 45 59 23 20 20 00 00  | ..RDWAREKEY#  ..
00 ff 41 52 45 51 55 45 53 54 20 20 20 20 00 00  | ..AREQUEST    ..
00 ff 52 44 57 41 52 45 4b 45 59 23 20 20 00 00  | ..RDWAREKEY#  ..
00 ff 41 52 45 51 55 45 53 54 20 20 20 20 00 00  | ..AREQUEST    ..
00 ff 52 44 57 41 52 45 4b 45 59 23 20 20 00 00  | ..RDWAREKEY#  ..
53 43 41 52 45 51 55 45 53 54 20 20 20 20 00 00  | SCAREQUEST    ..
48 41 52 44 57 41 52 45 4b 45 59 23 20 20 00 00  | HARDWAREKEY#  ..
00 ff 41 52 45 51 55 45 53 54 20 20 20 20 00 00  | ..AREQUEST    ..
00 ff 52 44 57 41 52 45 4b 45 59 23 20 20 00 00  | ..RDWAREKEY#  ..
00 ff 41 52 45 51 55 45 53 54 20 20 20 20 00 00  | ..AREQUEST    ..
00 ff 52 44 57 41 52 45 4b 45 59 23 20 20 00 00  | ..RDWAREKEY#  ..
00 ff 41 52 45 51 55 45 53 54 20 20 20 20 00 00  | ..AREQUEST    ..
00 ff 52 44 57 41 52 45 4b 45 59 23 20 20 00 00  | ..RDWAREKEY#  ..
00 ff 41 52 45 51 55 45 53 54 20 20 20 20 00 00  | ..AREQUEST    ..
00 ff 52 44 57 41 52 45 4b 45 59 23 20 20 00 00  | ..RDWAREKEY#  ..
00 ff 41 52 45 51 55 45 53 54 20 20 20 20 00 00  | ..AREQUEST    ..
00 ff 52 44 57 41 52 45 4b 45 59 23 20 20 00 00  | ..RDWAREKEY#  ..
00 ff 41 52 45 51 55 45 53 54 20 20 20 20 00 00  | ..AREQUEST    ..
00 ff 52 44 57 41 52 45 4b 45 59 23 20 20 00 00  | ..RDWAREKEY#  ..
53 43 41 52 45 51 55 45 53 54 20 20 20 20 00 00  | SCAREQUEST    ..
48 41 52 44 57 41 52 45 4b 45 59 23 20 20 00 00  | HARDWAREKEY#  ..
84 7f 00 20 0d 4e 53 43 41 52 45 51 55 45 53 54  | ... .NSCAREQUEST
84 7f 00 20 0d 4e 53 43 41 52 45 51 55 45 53 54  | ... .NSCAREQUEST
 
=== SAAB Information === 
 
=== Communication Statistics === 
Total TX Messages: 
534
Total RX Messages: 
1042
 
